0.026
-0.026
0.017
-0.002
0.027
-0.008
0.001
0.002
0.004
-0.011
0.020
0.007
-0.015
0.028
0.002
0.005
0.007
0.014
-0.007
0.028
-0.003
0.008
0.025
-0.015
0.009
-0.076
-0.001
-0.045
0.043
0.006
0.025
0.008
0.022
-0.007
0.001
0.011
0.029
0.008
0.001
0.037
-0.022
0.015
-0.011
-0.001
0.008
0.001
0.017
-0.036
-0.002
0.007
0.022
0.017
0.023
0.011
0.015
0.006
0.026
0.006
-0.003
-0.009
-0.001
-0.001
-0.011
-0.009
-0.003
0.013
0.024
-0.007
0.017
0.012
-0.021
-0.030
-0.022
0.019
0.000
0.026
-0.022
-0.027
0.032
0.016
-0.005
0.030
0.014
-0.003
0.007
-0.003
0.017
0.011
0.007
-0.012
-0.006
0.022
0.001
-0.028
-0.029
0.013
0.007
-0.002
-0.024
0.029
0.020
-0.002
0.007
0.007
0.011
0.005
0.011
0.011
-0.007
-0.007
-0.017
-0.020
-0.003
0.021
0.003
0.005
0.017
-0.014
0.006
-0.027
0.003
0.000
0.009
-0.010
0.014
-0.001
0.017
0.005
0.009
0.010
0.009
-0.003
-0.005
0.012
0.012
0.004
-0.014
-0.008
0.002
0.007
-0.020
-0.006
0.007
-0.009
0.002
-0.014
-0.007
0.020
0.011
-0.001
0.021
0.015
-0.002
0.016
0.004
0.004
0.011
-0.017
-0.002
0.002
0.012
0.005
-0.029
-0.004
0.011
-0.002
0.013
0.000
-0.007
-0.029
-0.016
-0.008
-0.017
0.022
0.007
-0.002
0.008
-0.020
-0.018
-0.011
0.001
0.016
0.006
0.002
-0.002
-0.005
0.021
0.001
-0.006
-0.011
-0.025
-0.007
-0.018
-0.008
0.015
0.012
0.003
0.020
0.009
0.008
0.003
-0.003
-0.004
0.009
0.013
-0.009
0.009
-0.008
0.000
0.005
0.020
0.017
0.009
0.008
-0.007
-0.008
0.009
0.014
0.006
0.004
-0.009
0.024
0.006
0.020
-0.006
0.017
0.014
0.005
0.007
0.007
-0.003
-0.018
0.016
0.006
0.013
0.019
-0.003
0.008
0.019
-0.016
0.011
0.016
-0.018
-0.005
0.011
0.028
0.022
-0.003
0.012
-0.029
0.013
-0.014
0.033
0.025
-0.003
0.033
-0.002
0.002
0.039
-0.015
0.017
-0.018
-0.001
0.005
0.021
0.021
0.005
-0.007
-0.009
0.026
-0.045
0.010
0.022
0.000
0.011
0.017
0.001
-0.001
-0.002
-0.012
0.008
0.005
0.012
0.023
0.022
0.021
0.006
0.035
-0.006
0.014
0.012
-0.022
-0.008
-0.005
0.023
0.014
0.007
0.027
0.012
-0.043
-0.030
-0.027
0.033
-0.005
0.038
0.029
0.007
0.003
-0.005
0.010
-0.017
0.008
0.000
-0.007
-0.010
-0.032
0.003
0.033
-0.025
0.020
0.018
0.011
0.019
0.031
0.014
-0.007
0.008
-0.018
-0.004
0.005
0.011
-0.029
-0.015
-0.038
0.022
-0.010
0.027
0.005
0.008
0.023
0.014
0.013
-0.005
0.011
-0.011
-0.006
-0.018
-0.009
0.006
-0.013
-0.013
-0.026
0.024
0.012
-0.016
0.001
0.015
-0.014
-0.013
-0.013
-0.001
0.043
-0.011
-0.004
0.004
0.002
-0.010
-0.033
0.004
-0.004
-0.029
0.004
-0.001
0.006
0.008
0.000
0.000
0.001
0.009
0.011
0.010
0.002
0.018
0.005
0.012
0.001
0.005
0.009
0.006
-0.021
0.005
0.028
0.008
-0.010
-0.003
-0.016
-0.016
-0.023
-0.029
0.016
-0.012
0.003
-0.025
-0.026
0.006
-0.043
-0.015
0.006
-0.004
-0.006
0.004
0.012
0.021
-0.010
-0.014
-0.031
0.008
0.027
-0.012
0.018
0.015
0.000
0.001
-0.010
-0.011
-0.001
0.030
0.006
0.002
-0.005
-0.017
0.006
0.023
0.015
0.008
0.009
-0.017
0.012
0.005
0.012
0.009
-0.004
0.001
0.013
0.005
0.001
0.026
0.011
0.012
-0.011
0.005
0.000
0.005
0.012
0.018
0.005
0.014
0.020
0.001
-0.013
0.010
0.018
0.016
-0.007
-0.004
0.000
0.014
0.016
0.001
0.025
0.006
0.001
0.003
-0.010
-0.019
0.001
0.020
-0.002
0.014
0.008
-0.005
-0.011
0.012
-0.004
0.030
0.001
-0.005
-0.006
0.015
0.003
0.006
-0.020
-0.004
-0.003
0.015
0.022
0.011
-0.012
0.008
0.014
-0.011
-0.010
-0.004
0.009
-0.018
-0.019
-0.021
0.010
0.008
-0.003
0.006
-0.013
0.017
0.001
-0.013
0.002
0.013
0.020
0.001
0.004
-0.002
0.015
-0.007
-0.019
-0.017
-0.031
0.007
-0.009
0.014
-0.001
-0.028
-0.006
0.014
0.018
-0.010
0.017
0.001
-0.018
-0.019
0.007
0.010
0.008
0.000
0.009
0.031
-0.009
0.004
-0.011
0.006
-0.023
-0.024
0.014
-0.001
0.022
0.006
0.010
-0.010
-0.016
-0.018
-0.022
-0.007
0.010
0.015
-0.021
-0.006
0.028
0.018
-0.001
0.006
-0.013
0.023
0.010
0.004
0.012
0.005
0.021
0.006
0.021
0.016
-0.012
0.010
0.012
0.018
-0.007
0.008
0.007
0.010
0.014
0.006
-0.009
-0.007
0.019
0.000
0.012
-0.012
0.005
-0.001
-0.022
0.000
-0.008
0.017
-0.007
-0.006
0.029
0.015
0.006
0.003
-0.009
0.008
-0.005
-0.003
-0.014
0.000
0.004
0.016
-0.001
0.005
0.017
0.023
0.008
0.003
-0.001
0.004
0.000
-0.015
0.009
-0.026
-0.001
-0.012
-0.009
0.025
0.010
0.002
-0.006
0.000
0.004
0.007
-0.007
-0.013
-0.010
-0.014
0.010
-0.033
-0.001
-0.054
0.019
-0.068
-0.002
-0.016
-0.044
-0.057
0.039
0.026
0.030
-0.018
0.007
0.016
-0.010
0.025
0.010
-0.008
-0.013
0.009
-0.020
-0.025
0.014
-0.002
-0.024
-0.019
0.059
0.018
0.023
0.023
0.012
0.013
-0.008
0.001
0.005
0.019
0.011
0.005
0.011
0.006
-0.002
0.004
-0.007
-0.028
0.019
0.009
0.004
0.006
0.026
0.007
0.007
0.007
0.005
0.007
-0.003
-0.004
0.011
-0.006
-0.002
0.000
-0.013
0.012
-0.008
-0.019
0.003
0.011
0.017
0.014
0.004
0.010
0.005
0.005
0.002
-0.016
0.010
-0.008
0.015
0.009
-0.002
-0.006
-0.014
-0.038
0.052
0.011
0.001
0.003
0.002
0.014
0.010
0.004
0.007
-0.001
0.002
0.004
0.002
0.002
0.007
0.011
-0.003
0.003
0.009
-0.001
0.009
-0.010
0.005
0.010
0.001
-0.005
-0.004
-0.017
0.007
0.016
0.007
0.014
0.009
0.008
-0.007
-0.003
-0.016
0.006
-0.003
-0.001
0.009
0.008
0.000
0.009
0.002
0.010
-0.005
0.004
-0.003
0.004
0.000
0.013
-0.013
-0.010
-0.008
0.008
-0.002
0.007
0.007
0.010
0.006
0.009
-0.003
-0.013
0.000
0.014
-0.007
0.005
-0.004
-0.007
0.004
0.012
0.007
0.008
0.003
0.008
0.003
-0.015
-0.004
-0.015
-0.023
0.003
-0.027
0.025
0.006
0.000
-0.019
0.014
0.010
0.008
-0.001
0.006
0.010
0.012
0.010
0.000
-0.001
0.011
0.006
0.007
0.005
-0.001
0.002
-0.003
-0.002
-0.008
0.006
0.003
0.001
0.003
0.008
0.004
0.000
-0.002
-0.001
0.006
-0.015
-0.014
-0.021
-0.004
-0.004
0.011
0.004
0.020
0.003
0.003
-0.013
-0.035
-0.027
0.000
0.022
-0.015
0.004
0.001
0.001
-0.011
0.023
-0.006
-0.019
-0.021
0.005
-0.010
-0.043
-0.040
0.013
-0.015
0.048
-0.029
-0.014
-0.044
0.046
0.021
0.026
0.007
0.014
-0.008
-0.005
-0.009
0.025
-0.007
-0.001
-0.014
0.023
0.029
0.018
0.001
0.014
0.003
0.003
-0.005
0.010
0.007
0.015
0.008
-0.008
-0.009
0.012
0.021
0.019
0.005
-0.010
-0.015
-0.012
-0.013
0.020
0.011
-0.006
-0.015
0.012
0.011
0.014
0.005
0.014
-0.007
-0.004
-0.022
0.011
0.007
0.020
0.008
-0.003
0.006
-0.013
-0.006
-0.004
-0.033
0.005
0.007
0.012
0.006
0.010
-0.004
0.002
0.013
-0.005
0.008
-0.015
-0.019
-0.013
-0.026
0.001
0.010
-0.020
-0.001
0.001
-0.008
0.020
0.034
0.035
-0.007
0.014
0.015
-0.002
-0.016
0.003
0.016
0.026
-0.001
-0.005
-0.011
0.013
0.014
-0.018
-0.021
-0.017
0.004
0.017
0.000
0.002
0.024
-0.003
0.008
0.006
0.014
-0.005
0.016
-0.006
-0.011
0.009
0.018
0.005
0.019
-0.004
-0.003
-0.012
-0.015
-0.007
-0.029
0.011
0.003
0.006
0.005
0.001
-0.037
-0.017
0.005
-0.007
0.017
0.019
-0.008
0.010
-0.004
0.005
0.022
0.010
0.008
-0.013
-0.011
-0.013
-0.034
-0.020
0.007
0.023
-0.039
-0.009
-0.030
0.015
0.005
0.001
0.020
-0.004
-0.020
0.005
0.011
-0.011
-0.010
0.004
0.029
0.019
-0.010
0.012
-0.012
-0.028
-0.005
-0.022
-0.010
0.006
0.006
0.012
-0.006
-0.016
-0.017
-0.049
0.015
0.002
0.017
0.017
-0.001
-0.018
-0.009
0.033
-0.006
-0.013
-0.029
-0.034
-0.016
-0.025
-0.032
-0.060
0.060
-0.005
-0.030
0.043
-0.046
-0.007
0.021
0.044
0.002
0.003
-0.010
-0.027
0.054
0.033
0.012
-0.004
0.001
0.003
0.028
-0.001
-0.009
-0.006
-0.006
0.012
-0.010
0.004
0.026
0.041
0.009
0.000
0.004
0.017
0.000
0.009
0.020
0.011
0.011
0.015
-0.017
0.000
0.023
0.006
0.014
-0.010
0.006
0.015
0.014
0.005
-0.001
-0.010
-0.006
-0.012
-0.013
0.017
-0.002
-0.021
-0.010
0.018
0.009
-0.016
-0.002
-0.034
-0.014
0.015
0.028
0.022
0.002
-0.003
-0.005
-0.018
0.008
0.004
-0.016
-0.023
-0.014
0.002
-0.025
-0.006
0.004
0.056
0.006
0.026
0.005
0.013
0.014
-0.001
0.003
0.005
0.007
0.002
0.002
0.009
0.017
0.004
-0.004
-0.004
-0.003
0.023
0.002
-0.009
-0.011
-0.010
-0.002
0.024
0.015
-0.008
-0.026
0.014
-0.001
-0.010
0.014
-0.017
-0.001
0.007
0.028
0.014
-0.002
-0.010
0.008
-0.012
-0.012
-0.003
0.019
-0.008
-0.016
0.012
0.013
0.033
-0.004
0.015
0.015
0.001
0.013
-0.005
-0.021
0.019
0.015
-0.005
-0.004
-0.020
-0.018
0.003
0.003
-0.016
-0.008
0.013
-0.002
-0.041
0.024
-0.020
0.026
0.001
-0.044
0.035
-0.025
-0.040
0.039
-0.037
0.030
-0.018
-0.013
0.005
-0.029
0.028
0.029
0.023
-0.028
-0.016
-0.023
-0.007
0.026
0.005
-0.003
0.026
0.011
0.013
0.014
-0.011
0.011
-0.039
-0.017
-0.013
-0.043
-0.035
0.006
-0.033
0.003
0.043
0.014
-0.053
0.020
0.011
-0.014
-0.031
-0.001
0.034
0.001
0.024
0.015
-0.020
-0.034
-0.010
-0.010
0.018
-0.038
0.012
0.002
-0.036
0.004
-0.015
0.060
-0.014
-0.042
-0.017
-0.027
-0.006
0.005
-0.014
-0.046
0.029
-0.064
-0.054
0.008
-0.010
-0.087
0.076
-0.074
-0.040
0.141
0.016
-0.030
0.054
0.014
-0.040
-0.042
0.016
-0.071
0.032
-0.002
0.003
0.053
0.027
-0.023
0.028
0.055
0.021
0.037
0.014
-0.012
0.033
0.005
-0.016
0.006
-0.035
0.041
0.025
0.004
0.030
0.015
-0.001
0.002
0.006
0.015
-0.021
0.023
0.024
-0.005
0.003
-0.015
-0.042
-0.015
-0.022
0.004
-0.024
0.031
-0.015
-0.027
0.031
0.004
-0.003
0.026
0.007
0.011
-0.009
0.003
0.018
-0.016
0.019
-0.048
0.012
0.011
0.016
0.007
0.045
0.022
0.023
0.017
-0.014
0.002
0.024
-0.023
-0.006
0.018
-0.003
0.023
-0.006
-0.019
0.003
0.016
-0.006
0.002
-0.005
-0.001
-0.011
-0.010
0.018
0.028
0.000
0.004
0.008
-0.003
-0.006
-0.006
0.003
0.004
-0.018
-0.009
0.028
0.003
0.015
0.005
-0.025
-0.015
-0.016
-0.009
0.029
-0.020
-0.016
0.027
0.012
-0.004
0.019
-0.004
0.006
0.025
-0.023
-0.010
-0.007
-0.013
0.000
-0.016
0.003
-0.010
0.017
-0.005
0.012
-0.027
0.002
-0.009
0.027
-0.026
0.000
0.011
-0.005
0.004
-0.032
0.015
0.008
0.015
0.012
-0.011
-0.003
0.004
0.015
-0.028
-0.001
-0.009
-0.004
-0.015
0.014
-0.011
0.001
-0.015
0.016
-0.006
-0.025
-0.013
0.003
-0.011
0.048
-0.007
0.014
-0.021
-0.011
-0.003
0.014
0.004
-0.037
-0.021
0.002
-0.015
0.012
0.005
-0.024
0.006
-0.012
0.016
0.015
-0.009
-0.002
0.011
0.030
0.015
0.026
-0.003
0.016
0.001
-0.016
0.016
0.018
-0.025
-0.016
-0.003
-0.007
0.028
0.002
0.023
0.039
0.000
0.007
0.002
-0.012
0.030
-0.025
-0.022
0.007
0.010
0.011
-0.064
-0.034
0.017
-0.015
-0.004
0.015
0.005
0.004
-0.013
0.010
-0.002
0.031
0.008
-0.002
0.021
-0.023
-0.016
0.008
-0.009
-0.008
0.027
0.012
0.009
0.000
0.016
-0.011
-0.008
0.006
-0.011
-0.022
0.014
0.003
-0.010
0.023
0.006
0.005
0.003
0.007
-0.013
-0.005
0.013
0.009
0.023
0.018
0.003
0.007
-0.015
0.010
0.016
-0.010
0.018
-0.061
-0.028
-0.010
0.019
-0.010
0.022
0.008
0.014
0.013
0.013
-0.012
0.002
-0.012
0.032
0.010
0.023
0.013
0.025
-0.022
-0.003
-0.012
-0.059
-0.014
-0.030
-0.016
0.015
0.016
-0.031
0.046
0.004
-0.008
0.025
0.030
0.006
0.018
0.023
-0.015
0.017
0.013
0.003
0.036
-0.010
0.004
0.020
0.017
0.002
-0.029
0.020
0.005
0.030
-0.022
0.024
0.007
0.009
-0.013
-0.018
0.013
0.062
0.014
0.010
-0.046
-0.036
0.035
0.021
-0.002
-0.021
0.010
-0.034
-0.005
0.008
-0.028
-0.003
0.037
-0.011
0.025
0.007
0.004
0.006
-0.007
0.001
0.003
-0.018
-0.008
0.004
-0.006
0.010
-0.003
0.010
-0.009
0.002
-0.030
0.006
0.011
-0.018
0.019
0.006
0.006
-0.025
-0.040
-0.032
0.013
-0.044
-0.030
0.058
0.018
-0.019
-0.005
0.028
0.006
-0.008
0.000
0.028
0.009
-0.011
-0.007
-0.012
0.000
-0.024
-0.027
-0.008
0.044
-0.026
-0.025
-0.010
-0.001
-0.033
-0.007
0.018
0.012
0.028
0.010
0.005
0.016
-0.019
0.026
-0.012
-0.026
-0.026
-0.016
0.010
-0.036
0.017
-0.014
0.011
0.021
0.001
-0.037
-0.032
0.001
0.088
0.036
0.048
-0.014
0.013
0.006
-0.011
0.074
0.019
0.039
-0.037
0.063
-0.019
-0.018
-0.016
0.028
0.006
-0.015
0.016
0.007
0.032
0.010
-0.019
0.005
0.011
0.010
0.002
0.012
0.026
-0.016
-0.009
0.018
0.002
-0.001
0.039
0.011
0.025
0.010
-0.007
-0.017
0.014
0.000
-0.011
0.040
0.008
-0.010
-0.009
-0.017
0.028
-0.037
-0.005
0.003
0.011
-0.011
0.018
0.012
-0.004
0.020
-0.020
0.028
-0.006
-0.023
-0.016
-0.006
0.024
-0.007
0.013
-0.010
-0.002
-0.016
0.005
0.010
0.026
-0.013
-0.005
-0.014
-0.018
-0.029
-0.004
0.011
0.011
-0.031
0.032
-0.015
0.015
-0.023
0.012
0.005
0.012
-0.005
-0.004
-0.017
-0.027
0.011
0.013
-0.040
0.036
-0.008
-0.006
-0.009
-0.009
0.011
0.074
0.019
-0.008
0.021
-0.005
-0.014
0.027
-0.018
0.003
-0.021
0.009
0.023
-0.016
0.013
0.001
-0.021
0.017
-0.020
-0.008
0.003
0.017
0.005
-0.016
0.026
0.020
0.035
0.007
0.020
-0.003
-0.012
0.022
-0.023
-0.014
0.014
0.009
-0.009
0.008
0.003
0.006
-0.012
0.023
0.017
0.005
0.007
0.001
-0.014
0.013
0.012
0.003
0.004
0.010
-0.014
-0.005
-0.017
-0.012
0.006
0.008
-0.002
-0.028
-0.005
-0.004
0.011
0.006
0.015
0.003
0.021
0.011
0.023
0.017
0.003
0.004
0.034
0.005
-0.006
0.006
-0.023
0.012
-0.010
0.026
0.013
0.024
0.022
0.010
-0.006
0.049
-0.014
0.024
-0.043
0.032
0.027
0.000
-0.031
0.013
-0.021
0.037
0.025
-0.007
0.000
0.008
0.008
0.009
-0.038
-0.024
0.016
-0.022
0.008
0.043
0.012
0.011
-0.010
-0.079
0.007
0.000
0.006
0.008
0.014
-0.002
0.024
0.007
-0.005
0.006
0.014
0.008
-0.015
0.010
-0.011
-0.002
0.050
0.029
0.014
0.015
0.022
-0.001
0.021
-0.004
0.023
-0.003
0.029
-0.007
0.014
-0.026
-0.019
-0.019
0.023
0.019
-0.020
-0.018
0.028
0.012
0.028
0.018
0.001
-0.005
0.009
0.020
-0.017
0.030
0.014
0.034
0.006
-0.026
-0.032
0.017
-0.022
0.017
0.025
-0.052
-0.091
-0.122
0.014
-0.005
-0.019
-0.015
-0.007
-0.068
0.051
0.059
0.012
-0.020
-0.015
0.036
-0.022
0.043
-0.024
0.027
0.015
0.003
0.018
-0.009
0.023
-0.047
0.001
0.041
-0.036
0.001
0.005
-0.015
-0.003
-0.015
0.002
0.051
0.018
-0.002
0.011
-0.007
-0.006
0.008
-0.031
0.032
-0.003
-0.032
-0.009
-0.002
0.018
0.009
0.014
-0.003
0.008
0.023
-0.009
0.030
-0.018
-0.008
-0.030
-0.005
0.003
0.017
0.019
-0.003
0.006
-0.001
0.011
0.011
0.010
0.025
0.011
-0.017
0.016
-0.032
0.014
0.006
-0.001
-0.013
0.020
0.008
0.014
0.027
0.000
-0.007
0.020
0.024
0.001
0.012
0.004
-0.016
0.021
-0.031
0.022
0.021
0.012
0.019
0.005
0.002
0.004
0.013
0.009
-0.014
-0.011
0.006
0.006
0.028
-0.070
0.040
-0.035
0.008
0.004
0.007
0.007
0.019
-0.006
0.004
-0.008
0.017
-0.003
-0.035
-0.002
-0.039
0.016
0.008
-0.003
-0.026
0.035
0.007
0.012
-0.014
0.008
0.000
0.013
-0.027
-0.018
0.028
0.040
0.008
0.000
0.024
-0.012
0.012
-0.021
0.007
0.001
0.025
-0.016
-0.023
-0.024
-0.027
-0.023
-0.050
0.035
0.003
-0.020
-0.017
-0.017
0.018
-0.037
0.041
-0.025
0.023
0.006
0.011
-0.006
0.023
0.017
-0.003
0.015
-0.009
-0.023
-0.018
0.054
0.012
0.021
0.048
0.027
-0.009
0.013
0.012
-0.004
-0.016
0.021
0.000
0.013
0.010
-0.013
0.005
-0.013
-0.009
0.014
0.033
-0.027
0.008
-0.012
-0.017
0.008
0.016
0.010
-0.009
0.016
0.000
-0.004
0.022
0.003
-0.016
-0.014
0.011
-0.005
-0.012
0.001
0.029
-0.021
0.019
0.004
-0.026
-0.017
-0.002
0.010
0.014
0.007
0.050
0.032
-0.010
0.009
-0.008
-0.016
0.006
0.003
-0.003
0.003
-0.020
0.003
0.013
-0.019
-0.005
0.007
0.029
-0.017
0.009
0.009
-0.014
0.010
0.003
-0.005
-0.009
-0.015
-0.001
0.021
0.007
0.002
-0.010
0.031
-0.013
0.002
-0.012
0.000
0.005
0.006
0.008
-0.020
-0.009
-0.019
0.023
0.006
0.011
-0.003
0.012
0.010
0.008
0.004
0.004
0.017
-0.003
-0.009
-0.015
0.019
-0.002
0.006
0.023
-0.010
-0.023
0.021
0.006
0.008
0.001
-0.005
-0.014
0.001
0.016
-0.027
0.007
0.005
-0.006
0.014
0.010
0.000
-0.006
-0.008
0.009
-0.004
0.005
-0.005
0.003
0.002
0.001
0.003
0.013
0.010
0.002
0.001
-0.006
-0.003
0.008
-0.002
0.020
-0.013
0.010
-0.018
0.013
-0.006
0.001
0.004
-0.002
0.005
0.002
-0.002
0.007
0.011
0.000
0.008
-0.019
0.001
-0.005
-0.003
-0.003
0.004
0.010
-0.022
-0.032
0.003
-0.002
0.003
0.007
-0.007
-0.008
0.024
0.005
0.006
-0.003
0.000
-0.034
0.008
0.008
0.010
-0.002
0.011
-0.003
0.011
0.004
0.022
-0.006
-0.006
0.006
-0.024
0.007
-0.016
0.031
-0.009
0.019
-0.024
0.000
-0.002
-0.020
0.002
-0.014
0.026
0.002
-0.001
0.003
0.011
-0.003
0.012
0.018
0.006
0.001
0.013
-0.006
0.009
0.012
0.011
-0.001
0.011
0.006
-0.001
0.012
0.011
0.010
-0.012
0.009
0.017
-0.009
0.023
0.018
-0.009
0.021
0.006
-0.011
0.017
-0.007
-0.007
0.007
0.002
0.007
0.016
0.019
-0.003
0.005
-0.003
0.003
0.005
-0.013
0.019
0.004
0.012
0.000
0.012
0.017
-0.002
-0.007
0.007
0.001
-0.024
0.017
0.016
0.023
0.032
-0.013
0.017
-0.022
-0.017
0.013
0.014
-0.008
0.016
-0.029
0.013
0.013
-0.018
0.016
0.026
0.014
-0.014
0.006
-0.011
0.001
0.006
-0.020
-0.017
-0.012
-0.004
0.042
-0.001
0.005
0.003
-0.023
0.006
0.038
0.010
-0.001
0.022
-0.001
0.015
-0.014
0.004
0.038
0.009
0.015
0.011
-0.023
-0.015
0.028
0.011
-0.012
0.015
0.022
-0.007
0.020
0.004
0.024
-0.008
-0.014
0.018
-0.015
-0.011
-0.013
-0.021
-0.027
0.039
-0.001
0.062
0.015
0.006
0.021
0.001
0.011
0.041
0.006
-0.013
0.033
0.000
-0.002
0.026
0.009
-0.014
-0.035
0.025
-0.026
0.033
-0.006
0.029
-0.006
0.021
0.002
-0.024
-0.003
-0.029
0.014
0.001
0.037
-0.008
0.030
-0.031
-0.007
-0.011
0.041
-0.049
0.036
-0.004
0.024
0.033
0.008
0.014
0.015
0.006
0.012
0.029
-0.003
0.025
-0.011
0.011
-0.013
0.012
-0.011
0.001
0.002
-0.018
0.021
-0.013
0.002
0.030
0.012
0.016
0.019
-0.039
-0.018
-0.028
-0.025
0.017
-0.050
-0.052
0.036
0.011
0.024
-0.040
-0.018
0.073
0.013
0.026
0.039
-0.013
0.034
0.025
-0.013
-0.009
0.018
0.032
0.002
0.037
-0.025
-0.015
0.044
-0.031
-0.007
0.007
-0.001
0.030
0.015
0.004
-0.013
0.009
0.042
-0.022
0.029
-0.016
0.007
-0.005
-0.006
-0.021
0.020
-0.026
0.038
-0.021
0.058
0.009
0.011
-0.044
-0.021
-0.021
0.021
0.007
0.009
0.007
-0.004
-0.012
-0.043
0.004
0.041
-0.066
0.043
0.047
0.005
0.019
0.019
-0.004
0.012
-0.011
0.003
0.026
0.007
-0.019
0.016
-0.016
-0.056
0.047
-0.026
-0.030
-0.009
0.057
-0.010
0.050
0.043
-0.019
0.012
-0.105
0.057
0.012
-0.014
-0.008
-0.010
-0.021
0.072
-0.014
0.005
-0.016
0.009
0.017
0.021
-0.020
-0.041
0.030
0.006
0.014
0.010
0.010
-0.017
-0.019
-0.012
-0.008
-0.019
-0.025
0.017
-0.012
0.034
-0.043
0.001
-0.019
-0.020
0.042
-0.042
-0.005
0.011
-0.017
0.016
0.018
0.009
-0.004
-0.026
-0.010
-0.043
-0.009
-0.001
-0.067
-0.009
0.018
-0.027
0.049
0.050
0.008
0.011
-0.017
0.037
-0.011
-0.013
0.003
-0.040
0.009
-0.001
-0.028
0.021
-0.004
-0.004
0.007
-0.020
-0.024
0.020
-0.043
-0.042
0.006
-0.116
0.078
0.029
0.019
-0.017
0.029
-0.016
0.030
0.016
0.010
-0.009
0.017
-0.030
0.019
0.014
0.010
-0.023
-0.016
0.005
-0.010
-0.023
0.007
-0.013
0.038
0.029
0.002
-0.015
-0.001
-0.021
-0.010
0.013
-0.043
-0.003
-0.017
0.049
-0.021
-0.015
-0.037
-0.020
-0.018
0.001
-0.001
-0.068
-0.080
0.006
0.013
0.051
0.022
0.013
-0.026
-0.024
-0.005
-0.050
-0.021
-0.032
0.043
0.059
0.015
0.004
-0.007
0.017
0.023
0.006
-0.026
-0.025
0.007
-0.023
0.038
0.021
-0.028
-0.045
-0.007
-0.030
0.006
0.016
-0.008
-0.015
0.005
0.075
-0.036
0.018
-0.012
0.029
0.006
0.035
0.004
0.012
-0.012
0.033
0.025
0.001
0.007
-0.020
0.010
0.013
-0.005
0.005
-0.019
-0.003
0.013
0.002
0.015
0.013
-0.003
0.017
-0.038
0.033
0.008
0.001
-0.010
0.021
0.002
-0.003
-0.014
0.022
0.003
0.012
0.014
0.007
0.011
0.012
0.016
0.002
-0.009
0.010
0.003
-0.001
0.001
0.010
-0.031
-0.010
-0.002
0.030
-0.002
-0.004
0.005
-0.029
-0.008
-0.003
-0.002
0.025
0.002
0.012
-0.001
-0.001
-0.008
-0.011
-0.010
-0.014
0.014
-0.034
0.001
0.032
0.009
0.005
0.009
0.004
-0.016
0.019
-0.008
-0.012
-0.011
0.031
0.032
0.015
-0.012
0.011
0.007
-0.003
0.005
0.013
0.001
-0.021
-0.001
-0.014
0.003
0.027
0.002
-0.003
0.008
0.009
-0.018
-0.009
-0.015
0.001
0.007
-0.033
0.008
0.004
0.013
-0.015
0.031
0.008
-0.002
0.002
0.016
-0.021
0.002
0.015
0.013
0.005
0.000
-0.006
0.003
-0.009
-0.012
0.011
0.019
-0.003
-0.018
0.011
-0.027
-0.008
-0.006
0.016
0.018
0.012
0.011
0.016
-0.002
-0.005
0.006
0.001
-0.016
0.030
0.002
-0.020
0.018
-0.015
0.002
0.016
0.002
-0.002
-0.005
0.020
-0.003
-0.006
0.000
-0.005
0.017
-0.001
0.012
-0.026
-0.019
0.010
0.006
-0.028
-0.001
-0.006
0.021
-0.004
-0.023
0.003
0.031
0.001
-0.010
0.028
-0.006
0.012
-0.009
0.016
-0.004
0.016
0.010
0.012
0.002
0.006
-0.009
0.012
0.015
0.000
-0.003
0.009
0.012
-0.011
0.005
-0.006
0.015
0.000
-0.006
0.018
-0.007
0.012
-0.003
-0.044
0.011
-0.011
0.035
-0.011
0.016
0.006
0.022
0.007
0.008
0.000
0.011
-0.005
0.014
-0.019
0.017
-0.020
0.001
0.018
0.014
-0.012
-0.049
-0.018
0.014
-0.005
0.023
-0.004
-0.014
0.021
0.028
0.001
0.020
0.003
-0.039
0.023
-0.017
-0.037
0.003
-0.012
0.028
0.016
-0.024
0.011
-0.004
-0.045
-0.008
-0.054
0.004
0.049
-0.046
0.014
0.002
-0.017
-0.028
-0.004
0.032
-0.011
0.042
-0.027
0.043
0.005
0.011
-0.018
0.027
-0.035
0.018
-0.028
0.000
-0.031
-0.030
-0.012
-0.019
0.017
-0.002
0.002
0.029
0.001
-0.005
-0.007
-0.032
0.008
0.003
-0.033
-0.094
-0.182
0.046
-0.068
0.105
-0.039
-0.062
-0.084
0.120
-0.023
0.004
0.009
-0.017
0.068
-0.044
-0.045
-0.021
-0.007
0.052
-0.048
-0.069
-0.045
-0.070
0.107
0.016
0.062
0.033
0.017
0.015
-0.004
0.013
0.059
-0.050
0.005
0.036
0.023
0.007
-0.026
-0.003
-0.024
-0.019
0.070
0.041
0.008
0.023
-0.006
0.022
0.003
-0.012
0.026
0.025
-0.022
-0.018
0.045
0.015
-0.007
-0.040
0.032
0.023
-0.002
0.000
0.013
0.000
-0.004
0.022
-0.010
0.027
-0.008
-0.039
-0.016
-0.007
0.009
0.031
-0.004
0.031
0.010
0.009
0.006
0.010
0.014
-0.002
0.021
-0.025
-0.064
0.022
-0.042
0.002
-0.023
0.025
0.024
-0.036
-0.050
0.054
-0.012
0.035
-0.001
0.018
-0.038
-0.007
-0.007
0.037
0.005
0.014
0.021
-0.002
0.016
0.009
0.006
0.000
0.036
-0.022
0.000
-0.009
0.030
0.013
0.003
0.010
0.001
0.011
0.017
-0.008
-0.005
0.027
0.014
0.010
-0.017
0.001
-0.013
-0.019
0.027
0.014
-0.003
-0.006
0.013
0.020
-0.017
-0.002
-0.003
-0.002
-0.023
-0.022
0.000
-0.002
0.056
0.003
-0.021
0.022
-0.039
-0.072
-0.017
-0.047
0.047
-0.002
-0.017
0.054
-0.065
-0.004
0.021
0.060
0.011
0.038
-0.025
0.008
-0.038
-0.047
0.074
0.009
-0.028
0.037
-0.006
0.016
0.009
0.020
0.001
0.022
-0.002
0.014
0.003
0.003
0.001
0.024
-0.005
0.008
-0.007
-0.020
0.006
0.018
-0.024
-0.011
-0.043
0.017
-0.030
0.037
0.013
-0.006
0.020
-0.005
0.002
0.004
0.017
0.004
0.011
0.009
-0.005
-0.003
0.022
0.019
-0.004
-0.013
0.014
-0.022
0.003
-0.015
0.002
-0.024
-0.014
0.036
0.005
0.001
-0.003
0.012
-0.019
0.046
0.004
0.009
0.011
0.007
0.003
0.001
-0.003
0.002
0.022
0.006
-0.002
0.008
-0.010
0.023
-0.021
0.017
0.020
0.012
0.021
-0.011
-0.011
0.008
-0.010
-0.021
0.009
0.016
0.030
0.007
0.000
0.011
-0.011
-0.021
0.005
-0.018
0.014
0.020
0.013
-0.011
-0.001
0.008
0.024
0.009
0.001
0.005
0.016
0.004
0.001
0.000
-0.016
0.024
0.013
-0.005
0.006
-0.002
-0.026
-0.004
0.008
0.023
-0.001
0.013
0.010
-0.020
0.014
-0.005
0.004
-0.026
0.027
-0.001
0.010
-0.001
0.000
0.012
0.012
0.013
-0.007
0.014
-0.001
0.012
-0.009
0.005
0.000
-0.027
0.003
0.012
0.017
0.008
0.002
-0.011
0.013
-0.014
-0.008
-0.031
-0.010
0.041
0.027
0.007
0.004
0.012
0.002
0.004
-0.035
0.034
0.009
-0.015
-0.007
-0.012
0.016
-0.028
0.030
0.020
0.006
-0.003
-0.016
-0.009
0.027
-0.022
0.003
0.017
-0.010
0.018
-0.004
0.004
0.003
0.002
-0.009
-0.007
0.001
0.008
-0.004
-0.012
0.000
0.024
-0.022
0.012
-0.012
0.007
-0.058
0.009
-0.034
0.021
-0.002
-0.014
0.010
0.033
0.009
0.021
0.002
0.010
-0.036
0.033
0.000
0.001
-0.038
-0.003
0.028
-0.008
-0.060
-0.022
0.014
0.017
-0.031
-0.008
0.028
0.016
0.027
0.011
0.014
-0.007
0.018
-0.012
0.016
0.005
-0.013
-0.004
-0.005
0.003
0.023
0.000
-0.001
-0.012
-0.016
0.032
0.013
0.015
0.006
-0.001
0.004
0.001
0.000
-0.007
0.005
-0.024
0.005
0.012
0.002
-0.007
-0.010
0.004
-0.007
-0.019
0.038
0.008
0.014
-0.010
0.031
-0.001
0.003
-0.011
0.017
-0.001
-0.001
0.010
0.001
0.008
0.015
0.007
0.007
-0.004
0.002
-0.014
0.008
-0.003
-0.011
0.008
0.015
0.006
-0.003
-0.004
0.014
0.010
-0.003
0.001
0.002
-0.006
0.001
0.014
0.005
0.000
0.002
-0.014
-0.006
0.007
0.014
-0.006
0.016
0.001
0.007
0.012
0.002
0.009
0.002
0.003
-0.002
-0.001
0.009
0.015
0.004
0.009
0.003
-0.004
